count
15
51
4
9
39
64
53
61
1
5
45
29
4
4
71
63
45
39
24
0
0
13
12
25
50
2
0
31
48
44
50
0
0
27
24
1
0
58
57
31
44
48
0
0
29
17
2
38
10
3
30
42
39
0
0
18
11
0
0
38
26
10
27
0
0
0
19
9
10
14
6
14
27
16
4
3
16
11
9
6
15
21
9
15
19
0
0
16
12
1
4
11
12
7
0
0
5
1
4
9
4
1
3
1
0
0
0
2
1
4
0
25
20
9
4
9
21
5
6
16
16
7
3
0
2
0
13
13
8
3
11
15
94
95
39
24
4
3
89
14
13
87
85
13
1
3
0
3
83
91
20
4
7
29
241
241
140
68
25
29
194
191
58
14
183
177
22
0
0
0
0
166
185
14
0
85
124
454
483
126
85
114
75
404
385
89
81
370
384
96
60
44
68
234
386
419
148
93
75
89
237
245
45
50
178
137
177
212
108
85
250
259
56
49
75
29
129
177
180
66
25
106
129
142
86
97
106
138
120
88
71
157
136
127
143
103
58
142
108
131
10
10
111
104
178
144
123
37
145
179
207
226
94
29
204
204
101
164
163
83
186
148
117
13
22
98
82
129
170
126
110
234
179
252
250
103
24
200
226
154
143
215
142
89
145
139
54
0
136
39
211
200
56
92
274
232
258
280
149
37
243
175
189
182
263
169
110
225
136
37
0
112
27
182
226
124
143
238
186
218
232
74
24
220
214
83
102
204
102
122
148
63
0
29
164
67
197
201
72
61
201
195
256
242
80
26
262
240
194
179
261
187
142
173
67
5
2
100
48
238
225
226
186
272
234
258
231
215
155
117
291
274
251
264
264
86
105
195
29
4
45
78
0
155
230
443
390
262
171
291
243
265
380
325
239
180
375
454
276
54
124
136
2
178
207
86
0
163
276
415
338
284
135
223
179
295
279
245
205
382
384
280
17
92
170
0
116
215
17
0
90
168
252
239
180
142
147
147
289
212
94
131
305
316
156
0
54
13
17
154
121
72
0
99
156
201
194
144
57
88
103
171
136
159
89
187
220
98
5
2
30
9
49
70
29
0
54
130
155
151
113
48
82
67
137
142
114
60
128
171
49
0
1
1
27
21
49
17
0
42
120
108
111
104
34
57
39
65
65
90
74
98
100
46
1
1
0
0
11
25
11
0
45
53
77
79
82
60
41
25
70
64
74
94
81
74
64
0
38
31
5
0
5
6
0
2
28
62
57
35
3
1
22
29
51
45
23
23
0
3
54
46
48
0
16
30
33
26
0
0
22
17
30
25
26
27
0
0
30
29
25
0
11
26
25
26
0
0
11
19
20
21
19
0
0
21
19
21
0
6
11
11
12
0
0
12
6
12
11
9
0
0
11
9
10
3
2
1
0
3
4
3
3
2
2
3
5
9
11
6
0
23
0
9
1
0
0
0
21
24
3
9
0
96
42
18
12
18
14
100
104
18
40
22
26
21
9
102
100
21
16
12
309
129
63
140
108
22
270
210
7
122
107
65
46
0
220
295
101
131
13
466
265
293
259
138
66
423
423
134
256
171
83
99
139
428
513
161
156
134
296
161
136
93
131
123
268
281
90
156
89
67
83
112
260
316
109
126
94
13
92
140
132
136
116
15
0
101
95
129
102
105
120
20
11
122
133
116
5
107
190
189
123
83
0
0
61
109
137
113
89
112
41
47
132
145
92
0
137
183
169
200
191
17
0
145
141
227
145
122
159
60
25
170
171
259
16
143
201
208
227
171
24
10
188
147
222
168
154
141
73
23
192
189
169
7
129
244
205
151
235
35
0
172
135
209
141
126
115
92
32
146
177
175
0
140
213
209
215
162
12
0
205
147
181
170
182
208
28
16
177
193
215
143
172
135
102
171
139
181
105
163
173
114
135
62
187
288
199
131
87
157
340
271
244
222
300
232
323
260
281
270
155
147
131
268
394
353
153
163
204
317
240
283
190
213
248
372
378
117
235
196
139
2
154
327
379
86
108
147
240
166
185
120
129
151
244
204
76
162
100
68
35
41
293
248
73
67
58
119
119
145
105
119
96
186
131
41
117
47
77
32
45
221
183
37
50
42
114
94
154
97
57
121
141
88
33
92
13
53
9
123
183
148
38
29
26
46
75
116
88
47
100
46
30
48
75
60
57
47
72
113
41
57
44
31
39
46
73
51
41
64
49
32
56
47
40
12
11
28
63
51
19
40
12
0
31
33
33
33
33
33
33
33
33
33
33
26
33
33
33
33
33
33
33
33
33
33
33
1
22
23
23
23
23
23
23
23
23
23
23
16
23
23
23
23
23
23
23
23
23
23
23
0
13
14
14
14
14
14
14
14
14
14
14
23
14
14
14
14
14
14
14
14
14
14
14
0
7
8
8
8
8
8
8
8
8
8
8
23
8
8
8
8
8
8
8
8
8
8
8
0
4
4
4
4
4
4
4
4
6
4
4
4
4
4
4
4
4
4
4
4
22
13
13
13
13
13
13
13
13
13
13
0
12
13
13
13
13
13
13
13
13
13
13
124
53
52
51
51
51
51
51
51
51
51
51
1
50
51
51
51
51
51
51
51
51
51
51
280
155
152
152
152
152
152
152
152
152
152
152
52
150
152
152
152
152
152
152
152
152
152
152
608
308
301
300
300
300
300
300
300
300
300
300
102
295
300
300
300
300
300
300
300
300
300
300
310
189
186
186
186
186
186
186
186
186
186
186
76
183
186
186
186
186
186
186
186
186
186
186
77
128
131
131
131
131
131
131
131
131
131
131
63
129
131
131
131
131
131
131
131
131
131
131
22
157
161
161
161
161
161
161
161
161
161
161
106
159
161
161
161
161
161
161
161
161
161
161
60
198
203
203
203
203
203
203
203
203
203
203
197
203
203
203
203
203
203
203
203
203
203
203
21
204
209
209
209
209
209
209
209
209
209
209
171
209
209
209
209
209
209
209
209
209
209
209
33
197
201
202
202
202
202
202
202
202
202
202
270
204
202
202
202
202
202
202
202
202
202
202
71
204
208
208
208
208
208
208
208
208
208
208
258
208
208
208
208
208
208
208
208
208
208
208
71
242
246
247
247
247
247
247
247
247
247
247
249
246
247
247
247
247
247
247
247
247
247
247
472
373
371
371
371
371
371
371
371
371
371
371
100
364
371
371
371
371
371
371
371
371
371
371
474
349
346
346
346
346
346
346
346
346
346
346
92
340
346
346
346
346
346
346
346
346
346
346
294
231
229
229
229
229
229
229
229
229
229
229
88
224
229
229
229
229
229
229
229
229
229
229
223
159
158
158
158
158
158
158
158
158
158
158
51
155
157
158
158
158
158
158
158
158
158
158
188
124
122
122
122
122
122
122
122
122
122
122
0
119
122
122
122
122
122
122
122
122
122
122
144
92
91
91
91
91
91
91
91
91
91
91
2
88
91
91
91
91
91
91
91
91
91
91
81
56
55
55
55
55
55
55
55
55
55
55
17
54
55
55
55
55
55
55
55
55
55
55
69
52
81
11
0
78
44
51
45
47
0
58
0
0
89
93
42
68
55
0
8
65
74
23
49
0
0
68
29
54
50
25
0
60
0
0
60
57
32
20
34
0
0
64
25
38
46
0
0
12
32
24
20
24
0
29
0
0
27
39
23
8
44
4
0
29
9
21
24
0
0
14
19
20
21
10
0
14
0
0
28
26
15
9
22
0
0
19
7
10
13
1
0
0
4
4
5
3
0
6
0
0
10
13
8
1
7
0
1
10
15
19
17
31
23
16
11
16
17
12
22
12
22
26
21
15
10
11
14
19
24
16
58
36
23
146
143
55
45
41
26
2
129
51
131
129
53
50
39
26
16
120
145
20
74
133
144
414
341
107
95
122
105
87
302
81
295
427
249
124
101
219
115
339
345
100
145
207
252
710
673
289
228
279
219
72
558
218
641
755
361
150
204
337
109
587
608
118
94
209
340
379
245
169
124
255
343
125
255
179
218
408
229
108
101
332
102
285
249
186
139
198
287
161
31
162
155
288
293
151
7
159
41
216
297
205
95
283
193
67
29
242
286
218
353
140
38
342
313
395
422
171
24
342
26
192
404
206
193
418
211
63
13
257
262
236
476
164
49
333
303
346
402
257
32
284
39
286
484
245
231
446
258
115
30
314
276
295
478
80
0
284
284
344
435
260
7
256
10
246
496
288
224
435
321
74
21
371
252
265
517
48
0
265
282
317
357
290
34
290
0
140
491
223
220
443
284
26
32
433
330
273
535
58
39
345
417
435
382
370
16
334
38
261
466
273
254
467
282
13
11
386
271
277
561
274
232
415
429
459
482
448
212
343
205
406
570
232
215
546
270
260
187
405
347
356
708
485
490
459
452
619
400
504
473
370
468
752
707
397
284
462
359
549
499
442
314
332
693
528
484
332
362
511
329
352
474
306
526
761
650
245
307
454
347
607
504
430
173
221
480
449
384
198
241
190
164
318
347
179
403
627
434
198
119
357
229
556
360
343
62
155
335
265
235
166
175
166
117
172
259
123
272
379
306
157
71
147
185
238
178
250
9
165
307
212
271
55
70
92
52
163
178
84
272
323
316
151
95
170
153
312
132
172
49
97
173
190
191
61
126
129
72
105
164
76
163
197
143
92
82
79
80
174
144
112
9
38
111
115
112
57
107
139
4
73
89
37
132
115
112
28
82
70
59
134
64
92
66
0
3
111
123
137
98
92
4
15
62
76
3
134
82
90
67
81
16
27
63
87
134
101
49
0
0
61
69
87
65
70
1
1
38
68
0
86
69
69
67
69
3
8
38
75
84
64
44
0
0
43
39
41
43
40
0
0
25
39
0
42
37
36
44
42
0
0
25
43
45
40
20
0
0
19
20
20
20
21
0
0
11
20
0
21
20
20
21
20
0
0
11
22
20
20
14
2
3
9
5
10
7
2
1
1
7
3
0
6
7
5
5
7
1
1
7
3
4
2
15
35
32
17
14
12
13
12
28
28
21
13
34
18
17
17
14
13
27
27
21
12
13
10
28
138
144
62
55
12
71
10
142
155
85
8
130
119
106
19
63
59
132
137
84
6
48
4
105
353
343
183
214
43
151
37
335
365
232
15
355
262
275
98
91
136
362
349
232
71
222
29
208
660
624
232
311
177
258
213
656
686
402
136
653
301
300
149
160
264
617
666
401
157
254
202
165
255
233
158
257
124
105
106
229
304
242
105
249
262
228
225
146
238
266
262
241
118
244
134
207
36
26
201
179
169
208
181
16
43
188
166
19
281
255
194
200
201
19
18
187
195
244
175
284
19
0
226
184
173
184
199
5
58
236
141
18
302
307
267
258
249
5
0
234
172
246
167
355
74
87
305
252
258
240
280
89
102
285
202
73
398
378
353
272
256
82
79
285
245
279
240
422
66
99
417
291
253
271
268
81
82
297
256
79
466
355
382
266
272
85
79
296
287
267
259
332
15
115
347
295
292
289
297
41
41
260
261
30
405
372
352
293
297
55
43
260
280
282
263
359
65
78
283
320
312
231
293
63
61
286
239
72
357
323
312
329
307
75
65
286
270
317
310
422
256
252
330
368
314
240
304
179
193
365
201
217
489
343
363
380
283
151
159
363
327
335
315
507
648
647
489
491
399
372
405
652
687
562
394
636
521
441
519
413
411
657
647
561
401
407
358
434
607
586
411
399
359
306
405
546
541
522
249
535
439
422
619
386
319
596
562
522
344
319
287
385
387
389
300
334
271
224
435
374
363
383
225
355
328
309
415
285
231
383
375
384
220
252
234
283
275
238
205
219
181
171
264
214
238
265
172
216
199
176
304
206
173
276
217
265
230
337
160
160
163
174
151
126
115
102
155
124
119
197
108
120
127
122
164
189
105
150
198
199
258
100
94
142
100
129
148
214
78
45
85
94
124
159
30
109
146
73
177
154
55
79
175
160
186
55
44
100
13
62
125
77
17
21
61
0
0
102
18
77
67
15
41
59
32
0
60
104
132
12
20
107
74
72
72
72
72
72
72
72
72
72
106
73
72
72
72
72
72
72
72
72
72
78
45
45
45
45
45
45
45
45
45
45
78
45
45
45
45
45
45
45
45
45
45
54
29
28
28
28
28
28
28
28
28
28
51
29
28
28
28
28
28
28
28
28
28
22
14
14
14
14
14
14
14
14
14
14
27
14
14
14
14
14
14
14
14
14
14
15
9
9
9
9
9
9
9
9
9
9
14
9
9
9
9
9
9
9
9
9
9
15
24
25
25
25
25
25
25
25
25
25
16
24
25
25
25
25
25
25
25
25
25
98
100
100
100
100
100
100
100
100
100
100
72
100
100
100
100
100
100
100
100
100
100
209
276
277
277
277
277
277
277
277
277
277
195
275
277
277
277
277
277
277
277
277
277
248
427
431
431
431
431
431
431
431
431
431
370
430
431
431
431
431
431
431
431
431
431
242
263
264
264
264
264
264
264
264
264
264
266
263
264
264
264
264
264
264
264
264
264
316
220
217
217
217
217
217
217
217
217
217
343
220
217
217
217
217
217
217
217
217
217
365
269
267
267
267
267
267
267
267
267
267
381
270
267
267
267
267
267
267
267
267
267
469
323
320
320
320
320
320
320
320
320
320
473
323
320
320
320
320
320
320
320
320
320
390
318
316
316
316
316
316
316
316
316
316
493
320
316
316
316
316
316
316
316
316
316
375
303
301
301
301
301
301
301
301
301
301
461
306
301
301
301
301
301
301
301
301
301
362
309
308
308
308
308
308
308
308
308
308
471
312
308
308
308
308
308
308
308
308
308
413
396
395
395
395
395
395
395
395
395
395
542
399
396
395
395
395
395
395
395
395
395
451
581
584
584
584
584
584
584
584
584
584
704
587
584
584
584
584
584
584
584
584
584
452
539
541
541
541
541
541
541
541
541
541
516
541
541
541
541
541
541
541
541
541
541
390
415
416
416
416
416
416
416
416
416
416
453
417
416
416
416
416
416
416
416
416
416
293
324
324
324
324
324
324
324
324
324
324
241
322
324
324
324
324
324
324
324
324
324
236
243
244
244
244
244
244
244
244
244
244
252
244
244
244
244
244
244
244
244
244
244
254
189
187
187
187
187
187
187
187
187
187
187
187
187
187
187
187
187
187
187
187
187
119
125
125
125
125
125
125
125
125
125
125
131
125
125
125
125
125
125
125
125
125
125
126
126
100
18
11
122
132
115
132
111
14
12
142
39
31
149
129
112
134
126
17
27
128
141
87
86
88
0
0
79
89
88
86
90
0
0
89
0
0
92
96
94
98
90
0
0
88
98
63
64
69
7
2
63
60
67
62
70
2
0
59
0
0
58
56
56
55
60
0
0
57
56
32
29
41
0
1
39
28
39
43
41
0
0
19
0
0
20
25
30
28
34
0
0
28
29
8
14
12
3
2
13
12
14
11
14
4
3
12
10
8
13
8
10
9
10
6
7
9
8
11
19
12
46
48
13
15
8
9
12
48
47
25
53
44
26
15
12
11
12
45
44
15
14
40
40
31
151
177
43
68
59
51
49
163
163
53
175
184
51
60
66
66
62
184
194
62
63
136
144
109
440
483
108
135
158
105
112
454
485
188
542
489
150
117
169
163
137
488
523
150
175
159
315
299
698
704
267
263
312
213
243
674
698
357
681
674
220
242
286
368
192
638
681
350
226
245
203
238
315
321
260
247
257
255
258
318
304
162
160
178
162
238
247
156
255
297
322
153
252
274
258
243
96
79
268
293
296
260
240
98
95
308
106
103
279
258
293
286
256
102
119
287
301
353
333
328
115
127
337
295
301
356
335
115
106
340
185
124
327
325
310
370
344
118
123
322
354
385
427
427
186
194
407
352
363
424
422
132
137
359
87
103
382
410
339
435
431
160
152
354
348
432
440
411
151
145
390
373
383
416
404
116
119
377
136
80
381
406
360
434
404
139
138
398
419
384
421
406
115
118
369
347
340
383
379
94
86
384
170
116
373
385
339
397
394
101
113
354
379
404
388
400
125
108
470
342
333
407
340
99
93
477
357
160
401
424
352
385
396
106
100
400
407
401
362
328
372
343
417
362
323
402
359
343
326
372
449
327
419
414
329
397
391
329
295
418
382
545
520
531
673
704
540
475
420
531
491
653
622
643
682
748
536
513
355
509
509
702
680
483
493
495
464
435
683
720
531
423
376
496
434
659
649
551
797
689
431
482
391
454
442
673
650
502
471
281
441
292
461
508
350
403
277
382
355
503
580
432
566
491
374
307
324
416
391
386
499
332
403
328
367
287
323
258
367
239
303
302
297
303
367
522
518
439
325
321
262
291
287
474
362
393
461
219
244
215
276
261
301
247
256
254
218
272
295
299
416
319
267
285
250
281
238
330
309
297
323
217
226
167
209
262
249
163
158
204
161
213
209
296
336
276
192
198
186
137
183
265
269
270
227
148
166
162
120
99
174
158
147
153
160
126
140
85
73
138
145
130
111
146
175
152
153
151
130
0
0
100
89
96
101
109
0
100
108
108
111
111
109
106
106
0
0
106
110
102
107
107
0
0
66
51
52
88
54
0
54
49
48
64
71
54
53
64
0
0
62
80
63
49
75
0
0
45
47
51
40
51
0
48
52
56
52
58
54
55
46
0
0
50
46
50
51
52
0
0
23
19
20
23
21
0
19
20
21
21
21
21
21
22
0
0
21
24
21
21
23
2
7
11
14
14
12
12
0
14
14
13
8
13
14
12
5
0
0
11
14
14
13
13
44
48
21
20
19
19
14
46
19
18
19
15
18
17
17
18
45
49
18
15
18
18
18
201
205
55
68
57
48
58
185
63
65
67
70
61
59
89
83
194
210
62
52
55
53
95
438
499
235
189
238
171
187
464
477
211
220
185
130
204
198
149
177
470
481
205
219
203
191
158
658
705
424
186
359
258
349
638
731
401
368
381
185
374
354
225
202
673
684
357
244
330
357
219
256
284
282
203
265
190
164
298
312
284
282
237
160
226
215
167
182
328
286
220
143
302
216
190
23
24
300
278
293
279
249
64
59
291
302
280
246
261
249
266
250
85
50
232
286
288
254
254
9
64
341
325
343
275
273
108
67
284
326
328
275
287
305
309
294
72
56
302
317
297
317
385
74
98
394
348
432
456
460
174
91
419
322
356
450
346
358
311
403
165
168
358
391
312
358
291
82
91
363
330
388
364
363
241
79
319
329
330
353
330
347
341
330
98
203
379
381
331
347
375
44
273
325
340
351
355
396
315
52
338
343
346
359
356
364
370
381
288
119
368
321
353
358
368
54
56
290
297
309
441
376
144
61
292
308
313
300
326
332
345
409
173
170
316
338
331
349
384
232
270
342
372
357
381
389
327
243
373
396
393
364
408
486
389
414
408
330
379
400
381
393
439
814
824
593
536
601
499
498
825
768
572
538
566
551
575
589
560
523
816
819
411
544
550
509
464
720
784
505
504
514
464
464
755
591
622
569
580
525
662
528
465
800
820
500
491
469
472
446
401
495
474
454
378
536
419
474
460
429
305
555
645
509
391
454
627
660
402
379
388
339
290
282
405
294
326
312
381
275
300
316
275
311
455
337
394
324
346
557
465
205
292
305
210
142
212
258
262
278
169
250
172
290
268
283
276
249
263
263
260
279
345
306
160
225
269
194
115
199
212
98
177
163
224
194
225
180
176
205
277
230
205
219
212
225
225
196
144
206
197
96
84
94
119
131
60
167
121
118
156
171
164
216
192
190
187
181
190
117
82
157
163
118
107
126
116
116
72
71
71
71
71
71
71
71
103
104
0
68
71
71
71
71
71
71
71
85
87
88
44
44
44
44
44
44
44
44
65
70
0
41
44
44
44
44
44
44
44
61
68
65
34
33
33
33
33
33
33
33
57
62
0
32
33
33
33
33
33
33
33
36
44
43
19
19
19
19
19
19
19
19
39
34
0
17
19
19
19
19
19
19
19
9
19
21
8
8
8
8
8
8
8
8
9
8
6
8
8
8
8
8
8
8
8
15
17
14
26
27
27
27
27
27
27
27
10
7
55
27
27
27
27
27
27
27
27
52
61
61
95
95
95
95
95
95
95
95
24
24
203
97
95
95
95
95
95
95
95
212
236
188
258
259
259
259
259
259
259
259
105
26
460
264
259
259
259
259
259
259
259
410
290
300
394
396
396
396
396
396
396
396
135
135
707
404
396
396
396
396
396
396
396
310
297
281
245
244
244
244
244
244
244
244
223
234
235
244
244
244
244
244
244
244
244
372
383
368
230
226
226
226
226
226
226
226
312
300
14
220
226
226
226
226
226
226
226
466
447
448
277
273
273
273
273
273
273
273
332
351
58
267
272
272
272
272
272
272
272
551
537
543
330
325
325
325
325
325
325
325
416
449
72
318
325
325
325
325
325
325
325
594
557
595
331
324
324
324
324
324
324
324
377
400
27
316
324
324
324
324
324
324
324
510
479
490
311
306
306
306
306
306
306
306
397
410
80
301
306
306
306
306
306
306
306
485
494
498
322
317
317
317
317
317
317
317
387
384
107
311
317
317
317
317
317
317
317
549
482
453
389
388
388
388
388
388
388
388
273
319
288
385
388
388
388
388
388
388
388
524
589
630
563
562
562
562
562
562
562
562
381
379
595
562
562
562
562
562
562
562
562
583
682
654
531
528
528
528
528
528
528
528
274
285
614
530
528
528
528
528
528
528
528
479
595
500
404
401
401
401
401
401
401
401
272
270
490
403
401
401
401
401
401
401
401
269
387
359
279
277
277
277
277
277
277
277
213
177
249
277
277
277
277
277
277
277
277
171
230
230
207
206
206
206
206
206
206
206
140
149
215
207
206
206
206
206
206
206
206
152
192
191
160
160
160
160
160
160
160
160
140
99
146
159
159
159
159
159
159
159
159
85
84
109
107
107
107
107
107
107
107
107
86
81
93
108
107
107
107
107
107
107
107
96
104
0
16
75
94
103
84
106
23
0
118
0
0
81
82
67
79
84
0
13
120
117
58
59
0
0
62
59
57
65
58
0
0
65
0
0
60
56
65
66
71
0
0
68
24
28
0
0
30
31
30
43
27
0
0
28
0
0
30
31
39
42
53
0
0
26
16
25
0
0
21
25
17
36
24
0
0
28
0
0
15
23
12
23
24
0
0
30
12
11
5
4
1
10
15
5
15
13
13
10
1
7
2
7
5
9
13
6
11
15
13
11
45
47
13
12
10
20
12
46
45
13
46
45
12
12
16
17
19
49
49
13
40
47
178
194
65
59
54
69
59
178
184
52
184
190
56
57
54
58
63
186
204
55
158
111
426
431
189
129
114
198
102
585
469
170
437
441
112
187
116
198
197
449
546
192
132
204
691
723
377
133
316
453
247
938
704
342
720
718
155
398
362
414
370
687
785
200
217
269
354
359
297
190
226
262
247
488
397
326
317
308
242
228
222
266
265
326
306
295
273
262
86
71
319
249
312
377
294
270
81
333
64
63
221
209
292
291
285
65
79
302
312
279
123
99
361
277
301
434
315
287
80
308
85
86
265
275
305
374
375
85
101
379
316
301
123
95
428
275
427
505
426
498
111
314
110
96
269
387
324
445
429
105
230
356
296
347
164
167
429
264
483
487
405
273
139
380
138
105
274
368
345
479
449
101
194
480
373
377
328
161
138
401
334
452
460
425
219
107
390
124
104
302
327
325
374
389
112
147
466
407
311
332
116
113
394
314
501
506
387
431
106
344
110
96
278
304
312
423
419
177
150
520
397
393
358
272
375
510
320
561
534
414
682
256
433
281
259
287
345
235
513
475
446
420
608
453
438
482
720
732
418
391
500
588
506
1171
732
401
657
674
361
342
349
415
588
785
1005
842
525
395
469
611
694
418
302
482
436
461
791
659
437
687
724
457
335
285
528
405
773
789
559
447
252
310
481
473
485
287
304
330
304
530
440
280
393
403
213
153
291
309
420
510
595
304
338
227
264
400
379
237
231
245
268
323
508
415
270
323
350
201
127
160
258
242
366
412
315
254
128
161
258
261
181
172
229
175
252
270
268
227
238
261
125
97
162
242
230
221
239
270
235
178
176
196
207
169
159
134
194
233
270
229
181
185
187
165
107
74
83
104
192
233
155
174
54
54
104
144
71
67
157
120
201
159
129
154
41
29
93
30
83
139
83
148
169
130
41
16
140
86
60
35
96
10
27
104
223
54
101
160
46
143
0
0
97
57
0
69
60
15
115
97
117
35
56
0
0
118
120
65
66
54
21
39
0
0
29
49
36
25
31
4
43
37
50
19
48
0
3
51
51
21
52
0
48
0
0
41
18
7
44
51
0
16
14
17
10
27
0
0
20
17
27
14
24
7
20
11
0
25
15
23
23
3
11
9
4
10
10
18
13
12
4
4
5
14
8
13
0
11
17
6
5
12
18
37
4
6
2
33
12
41
41
8
7
15
7
13
35
15
42
42
19
13
15
15
15
150
58
52
54
139
54
145
153
57
57
55
41
56
139
59
137
149
58
43
38
55
57
439
162
140
136
283
168
426
457
182
149
178
184
170
312
176
365
386
181
154
123
147
148
624
382
362
362
364
300
682
687
366
294
287
219
294
485
307
594
653
264
397
202
223
273
304
272
306
268
209
240
290
309
285
280
231
217
198
190
203
218
244
176
239
162
186
197
77
291
325
290
69
254
81
72
286
285
250
282
249
69
245
53
41
239
297
239
246
264
94
315
351
313
97
304
69
83
324
341
284
302
290
62
283
95
92
263
337
305
278
278
132
407
451
360
106
345
113
117
384
435
389
394
356
113
328
110
111
331
424
335
342
364
113
411
461
452
127
348
59
88
387
459
399
418
337
131
342
100
120
325
454
372
336
389
52
424
433
396
133
335
96
55
313
438
386
397
337
113
336
97
103
331
423
407
409
365
123
450
453
401
138
341
117
110
369
458
382
407
350
112
348
73
86
348
431
374
367
414
160
526
534
438
316
371
200
222
340
527
362
458
328
278
397
245
217
329
496
378
367
356
604
478
437
450
561
379
604
615
382
435
418
421
405
566
408
589
594
350
437
381
393
413
503
454
435
301
471
324
496
598
306
379
304
311
333
492
342
562
523
349
296
302
318
303
371
334
332
257
333
258
383
385
274
291
207
250
233
280
205
333
338
234
248
204
236
255
235
230
176
170
230
174
243
252
160
181
173
167
174
240
176
245
247
177
198
171
195
192
126
187
145
118
248
149
151
153
134
158
131
145
114
224
113
191
204
138
166
145
172
157
150
174
120
135
153
124
166
163
99
84
88
70
99
153
98
145
134
110
113
66
88
83
120
169
151
63
96
95
126
102
129
86
35
86
112
84
98
44
59
100
89
61
101
80
71
52
51
51
51
51
51
51
51
51
51
51
76
52
51
51
51
51
51
51
51
51
51
51
57
35
34
34
34
34
34
34
34
34
34
34
62
36
34
34
34
34
34
34
34
34
34
34
42
25
25
25
25
25
25
25
25
25
25
25
43
25
25
25
25
25
25
25
25
25
25
25
19
12
12
12
12
12
12
12
12
12
12
20
12
12
12
12
12
12
12
12
12
12
7
7
7
7
7
7
7
7
7
7
7
7
7
7
7
7
7
7
7
7
7
9
20
21
21
21
21
21
21
21
21
21
21
11
21
22
22
22
22
22
22
22
22
21
21
27
69
70
70
70
70
70
70
70
70
70
70
28
69
70
70
70
70
70
70
70
70
70
70
80
205
208
208
208
208
208
208
208
208
208
208
108
206
208
208
208
208
208
208
208
208
208
208
125
381
387
387
387
387
387
387
387
387
387
387
201
383
387
387
387
387
387
387
387
387
387
387
178
225
226
226
226
226
226
226
226
226
226
226
189
225
226
226
226
226
226
226
226
226
226
226
204
159
158
158
158
158
158
158
158
158
158
158
200
159
158
158
158
158
158
158
158
158
158
158
282
198
195
195
195
195
195
195
195
195
195
195
281
198
195
195
195
195
195
195
195
195
195
195
274
250
250
250
250
250
250
250
250
250
250
250
321
251
250
250
250
250
250
250
250
250
250
250
322
248
245
245
245
245
245
245
245
245
245
245
343
248
245
245
245
245
245
245
245
245
245
245
307
233
232
232
232
232
232
232
232
232
232
232
366
235
232
232
232
232
232
232
232
232
232
232
311
245
244
244
244
244
244
244
244
244
244
244
353
246
244
244
244
244
244
244
244
244
244
244
192
296
299
299
299
299
299
299
299
299
298
298
428
301
299
299
299
299
299
299
299
299
299
298
270
396
400
400
400
400
400
400
400
400
400
400
386
400
400
400
400
400
400
400
400
400
400
400
228
365
368
368
368
368
368
368
368
368
368
368
300
366
368
368
368
368
368
368
368
368
368
368
180
262
265
265
265
265
265
265
265
265
265
265
271
265
265
265
265
265
265
265
265
265
265
265
144
186
187
187
187
187
187
187
187
187
187
187
181
187
187
187
187
187
187
187
187
187
187
187
96
145
147
147
147
147
147
147
147
147
147
147
131
146
147
147
147
147
147
147
147
147
147
147
72
107
108
108
108
108
108
108
108
108
108
108
105
108
108
108
108
108
108
108
108
108
108
108
19
75
77
77
77
77
77
77
77
77
77
77
62
77
77
77
77
77
77
77
77
77
77
77
