count
14
4
6
20
27
25
18
19
0
0
10
17
11
1
1
13
14
11
10
12
0
2
13
15
5
1
1
9
10
10
10
7
0
0
9
7
3
4
4
2
5
3
3
6
2
3
4
5
2
2
2
2
2
3
2
3
3
2
3
1
4
3
3
0
0
3
3
1
5
6
3
3
6
32
31
8
4
5
6
6
30
29
7
10
19
85
93
19
11
21
7
34
90
80
32
14
45
192
205
30
19
2
16
91
195
193
47
34
38
120
124
44
50
38
43
63
120
111
34
33
36
42
43
49
41
57
49
52
31
24
40
45
52
36
47
61
48
63
56
48
30
32
43
46
86
60
86
74
68
55
66
67
45
21
54
61
73
89
70
109
73
68
78
70
51
40
67
63
77
70
73
107
70
54
64
48
34
33
57
47
70
71
81
101
45
47
48
48
50
26
64
53
79
83
90
98
70
72
70
62
57
63
66
63
59
156
192
105
71
61
93
71
149
160
78
113
85
130
141
87
61
67
120
65
94
124
47
89
39
114
123
67
37
32
41
56
96
106
34
36
40
52
52
35
23
29
50
40
57
78
58
25
28
41
57
39
30
28
32
21
29
36
24
20
13
38
39
21
18
12
10
12
28
27
9
12
17
22
24
12
10
12
11
2
0
0
8
4
1
23
20
20
24
4
2
16
17
21
3
17
17
15
15
0
0
10
14
16
1
10
11
7
7
1
2
9
7
10
0
6
5
3
0
0
7
5
7
3
3
3
2
1
1
2
3
5
1
0
1
2
4
5
4
6
2
37
22
9
10
9
39
30
13
18
11
85
49
22
33
29
123
114
43
26
58
197
79
40
72
68
259
239
83
92
78
155
100
69
54
75
151
159
80
78
86
39
64
54
44
62
36
34
52
53
70
33
80
55
51
66
34
30
63
72
71
37
106
52
53
73
64
51
86
87
116
57
102
86
75
92
62
31
76
87
105
57
88
90
76
94
48
36
71
98
114
28
70
76
74
110
33
32
73
95
119
72
97
107
78
118
93
83
98
82
115
220
161
102
83
141
234
219
99
128
150
206
110
89
84
110
220
229
103
98
109
116
59
32
46
54
126
144
64
66
75
96
61
51
37
22
104
112
39
53
55
79
40
31
30
33
71
77
21
37
49
43
38
26
21
33
53
47
31
31
40
21
25
22
15
33
31
27
26
27
32
0
5
5
5
0
0
8
16
14
5
10
5
2
2
1
2
0
0
3
19
13
5
9
0
0
0
0
0
0
0
0
12
9
0
7
0
2
2
0
0
0
1
3
8
6
1
6
0
1
1
1
1
1
1
1
4
4
0
1
0
2
5
6
4
9
8
1
5
5
3
0
5
20
18
15
19
43
43
15
15
12
15
16
46
95
79
67
70
127
133
61
45
36
93
37
111
164
190
153
155
306
340
142
111
137
139
96
223
54
71
67
57
124
162
44
87
130
66
61
169
39
54
63
50
57
82
41
79
42
41
62
63
28
66
81
45
52
58
29
94
30
32
104
46
76
112
100
60
92
81
76
119
50
72
128
75
63
94
56
58
63
72
74
141
61
90
149
46
91
111
73
51
62
100
57
91
43
50
187
39
82
89
79
67
73
129
70
101
88
111
146
32
87
78
79
82
70
75
71
152
107
117
180
67
69
70
91
120
239
157
180
167
121
144
191
215
124
67
101
91
169
179
177
102
112
151
138
210
52
72
71
86
109
100
94
68
80
93
94
111
37
45
35
45
80
79
77
51
38
36
45
85
6
18
13
23
61
61
47
57
6
26
26
53
19
14
14
18
45
26
42
44
15
24
39
42
12
10
13
0
22
20
33
28
11
17
31
25
23
12
9
24
28
28
24
25
17
4
25
23
1
1
20
25
18
16
17
0
4
20
15
1
2
18
23
18
14
18
3
0
14
8
1
0
9
10
10
11
8
0
0
8
2
1
1
4
5
3
3
2
2
2
4
3
13
12
11
6
2
1
9
11
9
9
19
40
53
26
12
15
15
19
48
42
23
37
114
184
132
89
44
82
44
136
145
55
91
232
331
184
103
86
111
84
266
315
111
67
99
183
126
91
43
132
88
140
139
71
91
43
86
132
77
39
95
87
28
43
69
141
77
135
164
67
109
156
109
33
32
82
124
39
109
226
84
86
164
72
50
38
119
108
34
128
225
73
130
141
101
74
48
131
88
8
113
220
173
127
195
91
46
22
122
102
38
100
174
125
112
171
175
44
27
147
152
79
264
307
174
160
212
164
100
82
162
108
199
461
473
242
159
176
211
341
246
185
152
215
393
384
188
140
128
199
320
194
166
86
228
269
232
140
52
94
133
237
120
121
47
133
182
147
84
63
61
93
138
88
70
40
107
125
110
83
51
48
83
121
97
71
34
69
84
68
58
29
24
46
59
71
60
29
52
54
33
43
38
35
47
37
33
41
10
79
86
64
71
72
21
5
11
58
74
69
7
45
43
40
42
31
2
8
9
31
45
23
0
29
33
33
33
30
0
4
1
25
31
31
0
16
12
15
12
14
0
0
0
16
15
15
2
6
5
6
6
5
2
2
4
6
6
5
27
14
13
12
12
14
25
26
17
12
10
10
92
63
54
29
27
28
90
90
94
26
32
25
204
148
143
84
33
86
261
218
164
43
123
52
380
239
210
196
87
213
292
297
207
48
276
143
123
135
147
153
171
159
177
163
87
78
131
97
35
166
176
178
175
142
58
50
23
114
162
130
20
173
162
187
185
175
61
72
63
168
194
169
74
246
249
211
194
171
87
89
88
160
194
184
88
278
275
286
220
222
98
91
76
178
245
222
58
198
203
186
210
197
55
28
28
171
173
191
105
211
262
254
221
229
64
68
61
184
276
208
211
278
238
260
290
256
165
162
192
265
242
256
437
343
346
357
278
327
453
442
402
319
365
314
252
279
294
302
266
241
287
317
296
244
239
241
307
231
238
275
264
229
327
310
301
233
205
217
150
169
151
207
176
129
133
156
139
120
148
118
94
93
97
127
123
88
95
172
110
167
96
78
104
101
85
91
88
73
92
123
92
114
74
80
77
80
71
82
77
78
56
77
51
73
62
65
84
83
75
29
31
72
57
69
86
78
9
51
64
68
2
0
56
62
65
63
57
0
31
44
43
0
0
36
39
40
40
39
0
13
13
12
0
0
16
20
20
20
16
0
9
8
7
2
1
11
10
11
8
11
3
13
12
13
24
27
11
12
10
11
9
24
43
44
54
136
127
61
53
52
54
46
121
149
152
151
363
355
111
99
28
119
121
340
245
221
205
485
548
236
191
186
200
218
489
192
222
212
187
203
196
182
176
216
201
188
170
192
210
87
59
172
214
196
204
237
131
280
302
285
68
74
259
256
276
278
314
101
312
333
320
124
131
308
299
298
294
317
160
291
329
319
125
113
248
246
275
275
325
160
287
301
287
86
104
229
215
252
253
263
115
303
364
328
110
104
270
291
299
284
317
115
419
455
412
262
252
309
316
339
373
436
303
452
462
328
448
466
378
335
386
372
423
477
360
391
393
320
357
337
302
280
315
345
423
293
337
266
278
307
257
271
271
318
339
333
240
238
230
227
247
220
209
224
242
234
231
191
186
182
202
203
150
149
164
174
180
205
162
157
155
155
168
160
160
150
159
177
153
111
102
77
79
87
102
103
115
131
104
97
108
37
30
113
108
86
83
101
32
67
99
114
67
24
28
72
69
58
67
69
15
3
63
43
49
2
0
47
54
45
48
58
2
0
53
57
22
0
0
21
24
23
21
24
3
0
21
24
9
7
5
9
8
9
10
8
6
4
7
8
15
36
23
16
9
10
12
11
19
25
11
7
54
114
136
45
52
42
34
51
117
131
56
53
128
372
388
127
100
96
96
100
312
318
130
131
177
335
504
267
239
165
204
232
429
472
243
219
201
165
172
187
194
159
182
217
204
175
193
215
222
85
83
240
246
163
178
237
107
69
213
197
281
142
106
241
291
249
278
318
145
55
225
221
310
119
138
302
343
278
374
375
168
116
312
322
314
149
117
303
353
272
352
370
147
75
270
303
221
120
120
285
332
239
339
342
145
81
317
313
286
255
153
281
279
243
305
335
121
103
242
277
455
375
204
297
352
290
343
340
235
186
320
342
716
666
459
387
331
340
412
411
499
537
317
295
400
594
498
362
371
384
322
351
516
465
389
397
481
499
322
306
323
350
305
336
326
392
360
476
314
360
298
250
265
281
270
263
288
268
277
294
247
291
237
244
260
236
235
202
245
232
259
229
179
197
183
176
202
176
191
199
183
178
207
188
71
45
99
110
109
80
118
156
110
88
141
91
56
61
51
63
70
20
2
54
52
72
68
41
33
45
36
36
36
0
0
34
39
41
38
44
35
25
34
35
29
0
0
31
35
35
34
35
15
16
17
16
16
0
0
15
18
14
16
19
9
7
6
5
8
5
7
5
9
6
6
6
21
20
23
25
24
24
32
23
16
14
15
20
60
69
59
75
68
127
136
69
69
62
72
63
207
163
182
215
198
392
335
210
215
189
184
187
235
227
217
254
287
445
488
298
285
222
246
289
163
163
169
185
177
186
165
174
190
176
165
179
156
152
160
153
169
71
32
132
158
164
146
156
174
197
186
191
211
111
70
154
175
194
191
194
205
204
199
223
227
139
169
204
276
202
209
282
200
205
186
201
252
150
225
242
236
210
186
257
211
207
232
226
207
83
87
221
218
219
208
242
193
186
180
200
232
64
48
240
246
196
224
255
238
229
298
256
252
265
244
230
274
245
257
290
371
402
465
412
413
634
611
421
313
354
363
383
430
406
539
343
413
639
526
380
348
353
317
289
379
412
348
293
281
424
481
306
258
256
258
259
357
213
202
171
197
348
299
189
181
201
179
146
231
209
210
159
156
211
256
151
121
155
154
152
146
130
118
126
132
169
167
156
125
79
135
123
94
91
88
101
103
84
110
103
55
55
86
111
58
69
3
0
57
63
72
73
93
5
0
40
61
2
0
40
51
57
61
56
0
0
38
48
3
0
36
39
52
49
51
5
0
22
25
0
0
22
29
23
25
28
1
2
6
4
4
5
5
6
5
6
6
4
6
12
8
24
27
5
16
9
11
15
23
27
29
1
92
109
25
18
1
0
16
82
106
12
7
247
318
71
5
7
22
93
277
223
63
34
195
314
109
109
91
103
106
420
433
121
138
138
174
139
128
129
168
150
184
170
181
170
49
64
152
172
154
170
223
82
47
154
201
65
24
158
142
199
214
220
38
29
182
226
173
91
195
218
210
252
250
135
126
215
261
139
79
161
217
244
232
245
60
46
220
225
91
116
172
197
242
222
195
106
127
252
228
79
102
211
236
302
216
234
117
126
241
226
147
168
222
221
262
248
245
159
129
153
151
254
160
143
156
176
356
335
192
225
131
196
286
197
138
135
138
292
188
278
328
194
201
219
319
214
136
140
276
176
308
351
144
157
140
174
128
83
129
156
112
190
194
97
81
97
148
89
88
94
168
136
116
130
102
105
93
79
107
85
92
139
105
95
105
71
66
26
55
59
42
78
109
96
46
34
3
0
44
43
66
66
78
15
26
88
77
0
0
29
41
32
33
50
12
7
45
0
0
28
34
33
34
37
0
0
25
0
0
10
16
18
18
19
1
1
14
4
4
7
9
7
8
8
5
5
8
18
23
10
4
5
15
15
29
30
15
111
121
46
27
16
31
28
107
112
58
255
307
94
96
4
7
6
114
273
99
320
368
84
113
154
127
167
235
338
213
175
184
164
167
157
168
175
186
185
224
49
46
212
164
216
232
225
43
71
184
80
70
171
204
166
265
279
88
75
247
101
62
165
273
237
270
304
93
100
247
111
117
192
220
176
316
301
91
238
401
281
74
63
204
133
167
289
252
78
147
362
337
81
83
171
177
177
230
256
208
231
390
273
143
135
199
208
122
293
310
323
346
460
373
335
409
307
288
282
245
423
516
620
642
450
303
379
256
201
190
227
397
471
604
507
365
277
278
184
158
245
217
264
302
378
260
269
177
191
123
131
133
188
156
189
221
226
170
85
111
107
102
103
128
89
121
210
162
125
84
78
98
88
101
115
101
102
156
131
110
43
32
58
59
53
80
74
84
95
83
111
48
54
10
27
6
11
36
31
48
43
46
38
38
13
33
1
1
8
35
35
28
24
26
28
5
26
4
0
20
23
29
24
27
9
9
6
10
5
2
10
7
7
10
5
5
4
5
5
6
6
5
5
5
6
11
14
26
11
29
26
14
13
11
7
8
30
37
96
50
115
109
55
56
57
51
39
91
106
237
69
298
261
85
142
168
124
91
200
225
318
193
501
489
195
272
236
161
186
150
150
178
155
149
208
165
165
164
164
148
162
141
56
153
101
94
144
187
160
156
202
189
168
68
152
88
78
141
226
165
138
166
259
221
106
195
153
154
227
332
265
232
267
247
210
92
180
122
110
196
292
257
205
213
257
198
86
186
87
117
186
344
246
241
224
247
196
111
188
157
88
174
323
233
238
218
294
250
218
278
303
262
233
405
329
332
252
307
277
412
266
372
443
230
411
407
345
307
257
171
411
232
479
504
294
308
332
325
271
148
179
192
183
276
267
213
229
225
241
185
149
146
169
116
229
206
130
178
156
171
169
108
102
158
108
175
169
118
136
138
131
119
89
67
93
80
112
109
85
96
95
97
82
71
53
49
57
65
58
63
61
67
63
67
38
51
17
15
62
17
52
68
56
9
6
53
33
40
0
0
43
0
33
45
38
0
0
35
32
25
1
3
25
14
22
22
25
14
0
22
14
15
0
0
10
14
12
13
2
0
5
3
4
5
6
1
5
4
7
2
5
6
6
5
24
23
11
20
11
10
7
22
22
11
14
26
69
77
22
72
47
3
13
73
86
50
100
59
213
252
131
162
118
71
102
221
222
153
168
179
235
311
299
313
293
188
260
309
249
255
115
110
192
250
154
243
171
140
133
224
184
145
109
119
99
116
113
57
114
134
95
86
101
146
165
158
71
68
161
52
134
166
177
97
66
122
204
194
76
83
206
84
208
210
217
146
88
178
207
232
101
89
184
83
165
239
189
107
105
177
188
206
92
51
185
113
185
184
193
145
101
198
196
231
108
73
221
74
237
210
196
157
113
188
180
211
205
162
324
214
315
222
208
156
187
198
250
243
394
356
309
358
303
266
252
335
390
295
188
248
369
375
357
354
466
312
229
387
399
277
178
174
254
187
210
213
207
185
199
255
227
189
145
112
174
170
195
178
197
128
144
201
187
135
84
100
136
120
123
124
137
137
109
140
141
91
73
78
85
86
78
80
158
93
87
92
96
85
43
40
47
68
77
53
76
51
54
56
58
43
