count
24
24
5
4
25
25
24
23
3
0
23
14
15
8
7
20
18
14
14
0
0
16
10
12
6
4
13
13
13
0
0
11
7
8
8
6
12
7
5
4
7
3
2
3
2
3
1
0
5
3
4
6
3
3
2
1
2
3
6
11
40
38
9
2
7
6
36
13
25
25
101
103
28
28
20
10
95
100
25
53
56
217
225
72
59
53
54
214
229
67
25
54
133
141
46
29
45
46
132
126
49
48
34
38
33
63
54
72
63
54
57
65
56
65
51
38
53
58
65
66
45
33
72
64
90
56
66
90
78
88
88
49
43
91
82
88
70
67
107
101
110
99
80
53
86
79
92
53
44
102
79
95
95
51
45
96
68
95
45
52
103
73
112
109
61
49
108
98
97
84
82
99
99
113
90
88
77
66
119
69
124
177
198
131
75
123
90
86
177
181
130
72
87
173
177
87
77
86
79
154
167
98
56
56
119
123
72
59
62
57
122
125
55
32
49
59
77
50
36
41
34
62
79
54
35
33
49
52
35
33
33
37
55
53
48
19
27
44
46
26
20
30
20
44
46
25
21
32
29
29
29
21
25
24
22
19
20
2
19
30
27
24
2
0
23
0
11
17
18
20
0
0
18
1
6
13
13
10
1
0
1
0
8
8
8
0
0
8
2
2
0
0
4
3
2
2
5
0
47
26
20
17
15
15
46
47
15
126
74
59
52
47
55
129
135
49
300
172
163
119
96
98
301
307
108
168
112
94
82
85
80
172
169
81
51
64
80
72
70
58
49
43
48
45
71
99
93
80
53
49
47
55
52
92
108
107
125
83
85
37
74
39
97
123
107
117
110
81
38
108
45
92
129
119
107
98
43
35
96
35
96
108
123
116
79
44
27
115
76
112
143
117
120
130
85
74
117
235
190
199
173
161
178
238
218
150
212
159
151
128
130
129
227
229
125
159
105
82
74
92
63
162
165
73
95
80
67
72
69
74
118
112
69
62
62
64
52
49
62
86
90
55
42
49
66
52
42
53
50
38
46
31
34
56
33
41
35
32
32
43
0
19
20
20
20
20
20
20
20
20
20
20
0
12
13
13
13
13
13
13
13
13
13
13
2
10
6
11
13
14
3
3
14
15
13
13
0
4
5
5
5
5
5
5
5
5
5
5
0
2
3
3
3
3
3
3
3
9
7
6
6
6
6
6
6
6
6
6
48
29
28
28
28
28
28
28
28
28
28
28
148
86
83
83
83
83
83
83
83
83
83
83
295
189
184
184
184
184
184
184
184
184
184
184
158
124
122
122
122
122
122
122
122
122
122
122
75
78
77
77
77
77
77
77
77
77
77
77
29
89
91
91
91
91
91
91
91
91
91
91
79
115
117
117
117
117
117
117
117
117
117
117
79
118
120
120
120
120
120
120
120
120
120
120
42
111
115
116
116
116
116
116
116
116
116
116
47
119
123
123
123
123
123
123
123
123
123
123
104
136
139
139
139
139
139
139
139
139
139
139
227
224
224
224
224
224
224
224
224
224
224
224
242
197
194
194
194
194
194
194
194
194
194
194
132
128
127
127
127
127
127
127
127
127
127
127
80
88
89
89
89
89
89
89
89
89
89
89
82
69
67
67
67
67
67
67
67
67
67
67
53
52
51
51
51
51
51
51
51
51
51
51
29
33
33
33
33
33
33
33
33
33
33
33
31
29
33
18
6
28
27
29
27
29
11
30
21
17
11
4
26
22
23
25
19
0
21
17
25
9
1
14
18
15
22
15
0
7
14
13
0
0
9
12
12
14
6
2
1
8
6
4
0
1
6
6
8
1
2
7
7
7
11
8
3
4
5
8
1
12
21
32
27
62
67
27
26
28
37
27
63
42
50
68
198
178
60
42
52
57
47
172
82
113
104
378
348
129
120
125
116
106
320
68
109
156
164
127
102
85
119
129
70
108
92
87
119
74
44
99
105
132
138
94
28
139
110
170
108
62
141
142
162
154
122
36
149
153
208
106
91
128
175
144
162
174
62
151
110
243
101
95
156
145
154
200
126
61
138
159
268
82
45
133
146
154
178
150
38
157
181
246
62
61
150
176
191
193
188
37
190
207
256
139
99
170
178
217
225
229
110
175
243
387
313
297
225
222
245
215
248
293
95
154
393
303
262
147
145
188
154
181
280
101
148
250
212
231
133
116
141
118
161
209
62
90
150
146
150
60
64
74
73
100
143
38
64
115
118
142
46
47
54
46
59
120
28
45
94
82
93
33
57
69
34
42
87
38
48
48
36
34
42
48
51
37
36
40
59
0
18
98
105
118
85
84
13
17
53
67
53
0
0
60
82
76
54
50
8
6
32
52
27
0
0
33
35
37
39
40
0
0
20
37
17
0
0
15
17
18
17
17
0
0
10
17
5
0
0
7
6
5
5
8
0
0
6
7
15
29
30
9
9
10
8
9
26
27
18
10
31
114
115
41
43
31
40
23
118
127
70
25
90
252
270
137
120
101
117
101
224
318
189
83
190
526
531
210
223
120
169
88
512
535
324
59
160
149
136
164
155
104
81
108
137
191
179
56
161
67
65
168
157
145
149
147
72
81
147
135
215
52
66
192
184
176
188
198
69
106
176
164
237
123
118
222
213
202
204
229
103
125
222
194
290
106
104
253
260
266
258
270
105
95
229
252
239
67
64
229
242
240
231
237
73
64
206
239
254
95
129
257
254
262
270
262
93
89
220
253
283
281
227
321
285
299
336
336
256
249
295
303
375
472
418
444
447
506
465
500
356
347
450
456
326
519
562
349
341
343
326
328
495
476
420
383
253
354
368
283
278
249
264
310
355
372
320
242
175
249
261
199
179
185
184
205
233
230
222
175
116
159
155
139
126
119
112
146
127
129
166
115
98
101
125
108
126
102
92
99
125
121
119
91
96
84
70
104
76
98
95
103
87
77
81
63
84
63
61
61
61
61
61
61
61
61
61
54
40
39
39
39
39
39
39
39
39
39
41
27
25
25
25
25
25
25
25
25
25
16
12
12
12
12
12
12
12
12
12
12
10
7
7
7
7
7
7
7
7
7
7
19
21
21
21
21
21
21
21
21
21
21
52
84
86
86
86
86
86
86
86
86
86
131
220
225
225
225
225
225
225
225
225
225
248
347
351
351
351
351
351
351
351
351
351
191
207
208
208
208
208
208
208
208
208
208
207
172
171
171
171
171
171
171
171
171
171
259
219
217
217
217
217
217
217
217
217
217
305
258
255
255
255
255
255
255
255
255
255
282
249
247
247
247
247
247
247
247
247
247
255
232
231
231
231
231
231
231
231
231
231
273
242
240
240
240
240
240
240
240
240
240
318
329
330
330
330
330
330
330
330
330
330
381
467
472
472
472
472
472
472
472
472
472
314
432
438
438
438
438
438
438
438
438
438
313
342
343
344
344
344
344
344
344
344
344
241
270
272
272
272
272
272
272
272
272
272
178
202
203
203
203
203
203
203
203
203
203
156
162
161
161
161
161
161
161
161
161
161
94
108
109
109
109
109
109
109
109
109
109
111
120
107
41
32
105
115
105
104
114
30
28
74
82
79
7
6
78
80
80
74
84
7
6
63
49
65
14
13
45
61
64
59
69
8
7
31
26
29
3
5
32
31
29
31
33
3
2
10
13
13
11
9
13
13
13
13
14
10
8
14
18
15
27
28
17
15
11
10
16
32
27
50
38
46
129
139
49
47
38
53
47
122
136
112
105
96
333
347
123
94
87
106
103
327
351
228
259
255
564
581
262
186
174
225
252
565
558
204
215
220
208
218
238
197
185
221
204
212
224
231
225
234
101
104
241
243
240
249
237
105
99
292
337
339
119
140
323
268
257
343
341
123
110
328
382
392
171
162
377
340
353
382
381
150
139
355
377
365
197
154
380
326
338
393
402
165
148
338
372
365
165
149
273
323
325
314
351
145
127
330
353
352
160
155
285
310
262
336
358
158
137
335
395
389
262
247
318
351
346
353
389
234
250
408
453
443
482
508
431
407
402
425
466
522
490
397
404
400
488
512
433
402
399
421
400
500
510
308
335
325
447
423
328
327
326
330
330
386
408
300
287
266
293
273
292
285
299
288
262
266
299
233
249
239
250
249
231
235
214
248
243
232
244
206
211
185
199
204
190
180
175
217
189
187
205
167
179
184
145
156
158
160
131
173
167
112
131
0
0
64
51
56
61
74
0
67
68
77
2
0
40
37
39
44
39
0
37
37
39
0
0
30
31
33
34
35
0
26
37
38
0
0
17
13
14
15
16
0
14
14
17
7
5
8
9
8
8
6
6
8
7
7
34
39
18
15
15
17
21
36
16
17
17
148
155
71
75
69
67
65
145
82
80
75
418
432
183
172
179
200
195
439
446
185
188
199
567
595
289
261
265
285
270
586
610
274
252
253
162
173
193
184
191
205
194
193
157
193
194
190
78
62
178
184
179
176
159
47
75
182
189
187
86
50
186
190
195
197
205
64
88
195
186
187
80
95
248
223
238
262
255
112
96
240
218
231
89
96
246
219
258
231
234
129
93
227
218
218
50
91
220
232
232
216
247
113
77
226
227
233
89
63
226
238
229
274
264
61
103
229
242
237
250
278
277
255
273
246
248
293
272
248
253
245
629
697
391
378
409
392
393
715
670
444
386
384
583
670
393
385
410
473
466
617
413
391
400
353
359
273
329
266
423
337
343
335
306
247
223
260
198
208
200
260
230
242
211
204
230
178
220
171
183
169
187
178
192
183
189
181
152
151
134
118
123
133
149
134
117
102
128
128
135
76
71
78
84
105
146
77
68
82
84
93
89
60
58
58
58
58
58
58
58
63
63
68
40
38
38
38
38
38
38
38
46
54
57
31
30
30
30
30
30
30
30
30
32
32
17
17
17
17
17
17
17
17
7
7
6
5
5
5
5
5
5
5
5
21
26
21
18
19
19
19
19
19
19
19
36
53
56
65
65
65
65
65
65
65
65
100
97
152
180
181
181
181
181
181
181
181
190
170
198
272
277
277
277
277
277
277
277
181
205
224
188
186
186
186
186
186
186
186
241
260
255
177
173
172
172
172
172
172
172
299
286
296
210
205
205
205
205
205
205
205
361
332
359
246
240
240
240
240
240
240
240
308
306
326
242
237
237
237
237
237
237
237
300
293
307
230
227
225
225
225
225
225
225
308
322
341
254
250
249
249
249
249
249
249
321
334
305
299
298
298
298
298
298
298
298
296
372
354
409
411
411
411
411
411
411
411
282
442
443
376
373
372
372
372
372
372
372
300
396
323
302
301
301
301
301
301
301
301
231
227
220
208
206
206
206
206
206
206
206
134
164
174
162
161
161
161
161
161
161
161
110
130
128
127
127
127
127
127
127
127
127
58
63
95
84
83
83
83
83
83
83
83
68
78
11
12
74
74
74
73
84
50
22
82
38
48
1
0
48
49
47
47
55
31
13
52
32
38
0
0
37
40
37
49
45
7
0
42
17
17
0
2
19
21
17
24
16
2
0
17
7
10
8
8
5
8
9
10
8
7
8
9
11
8
20
22
8
9
8
21
12
31
21
8
26
30
126
134
48
36
24
75
40
120
134
45
78
88
299
291
122
105
72
113
165
301
321
167
141
136
430
452
188
146
184
228
156
403
430
184
194
195
208
207
199
181
181
190
195
272
242
207
231
246
93
79
253
241
256
274
257
152
109
268
245
267
83
77
284
266
280
324
293
146
62
263
266
281
117
103
346
268
341
416
307
288
133
268
306
345
176
184
323
314
323
367
357
311
226
334
326
315
200
146
317
317
327
325
350
263
165
342
298
280
188
141
253
260
334
337
344
311
190
271
387
339
235
234
344
318
400
458
405
411
274
352
479
388
479
483
340
332
447
485
488
589
419
328
397
420
495
459
311
330
320
423
432
503
476
345
201
251
244
254
298
237
234
255
301
246
285
228
177
185
213
208
155
160
156
184
222
196
197
150
119
123
144
154
142
127
133
137
187
201
160
168
112
106
93
102
114
110
141
129
165
133
111
158
79
76
45
64
59
70
96
81
138
90
65
136
15
42
48
50
14
46
17
16
52
55
52
0
45
47
46
22
42
0
0
42
42
44
0
22
28
25
17
29
0
0
27
26
0
17
17
17
7
6
2
1
15
18
6
4
6
6
6
2
6
5
5
8
6
5
29
10
12
11
23
10
30
31
10
10
11
95
34
34
31
98
54
120
112
53
45
50
315
150
194
141
278
116
347
346
135
99
109
504
207
236
194
401
242
522
541
217
183
232
187
186
206
166
182
174
210
199
166
167
174
69
171
194
175
91
182
71
64
178
175
189
88
216
229
227
165
206
84
83
199
233
211
109
269
287
252
162
257
123
122
245
273
297
115
271
310
281
146
238
113
115
250
284
271
85
295
327
234
118
250
131
88
239
335
287
101
327
325
282
186
214
120
114
248
328
260
209
349
338
285
275
261
228
192
248
341
312
484
410
405
430
502
295
400
522
303
400
393
375
400
377
352
469
224
424
393
218
331
310
269
278
276
178
253
190
286
276
174
225
226
172
159
151
185
217
169
194
190
139
158
170
129
149
141
140
175
122
140
136
114
155
143
122
128
81
97
108
93
118
107
71
87
97
71
105
91
66
62
66
61
57
87
66
68
43
44
44
44
44
44
44
44
44
44
44
44
52
29
28
28
28
28
28
28
28
28
28
28
32
22
22
22
22
22
22
22
22
22
22
22
15
10
10
10
10
10
10
10
10
10
10
7
4
4
4
4
4
4
4
4
4
10
15
15
15
15
15
15
15
15
15
15
15
22
54
55
55
55
55
55
55
55
55
55
55
94
154
157
157
157
157
157
157
157
157
157
157
139
285
292
293
293
293
293
293
293
293
293
293
149
183
184
184
184
184
184
184
184
184
184
184
141
127
127
127
127
127
127
127
127
127
127
127
186
150
149
149
149
149
149
149
149
149
149
149
228
191
188
188
188
188
188
188
188
188
188
188
191
183
182
182
182
182
182
182
182
182
182
182
219
178
175
175
175
175
175
175
175
175
175
175
205
179
177
177
177
177
177
177
177
177
177
177
167
212
214
214
214
214
214
214
214
214
214
214
196
292
296
296
296
296
296
296
296
296
296
296
201
277
281
281
281
281
281
281
281
281
281
281
148
202
203
203
203
203
203
203
203
203
203
203
116
145
147
147
147
147
147
147
147
147
147
147
82
112
113
113
113
113
113
113
113
113
113
113
68
89
89
89
89
89
89
89
89
89
89
89
52
63
63
63
63
63
63
63
63
63
63
63
